cycle 0 : -6.851173
theta(log-transformed): 0.000000, 0.000000
       1.01    0.606531    0.135335    0.011109 0.000335463 3.72665e-06   1.523e-08 2.28973e-11 1.26642e-14 2.57676e-18
   0.606531        1.01    0.606531    0.135335    0.011109 0.000335463 3.72665e-06   1.523e-08 2.28973e-11 1.26642e-14
   0.135335    0.606531        1.01    0.606531    0.135335    0.011109 0.000335463 3.72665e-06   1.523e-08 2.28973e-11
   0.011109    0.135335    0.606531        1.01    0.606531    0.135335    0.011109 0.000335463 3.72665e-06   1.523e-08
0.000335463    0.011109    0.135335    0.606531        1.01    0.606531    0.135335    0.011109 0.000335463 3.72665e-06
3.72665e-06 0.000335463    0.011109    0.135335    0.606531        1.01    0.606531    0.135335    0.011109 0.000335463
  1.523e-08 3.72665e-06 0.000335463    0.011109    0.135335    0.606531        1.01    0.606531    0.135335    0.011109
2.28973e-11   1.523e-08 3.72665e-06 0.000335463    0.011109    0.135335    0.606531        1.01    0.606531    0.135335
1.26642e-14 2.28973e-11   1.523e-08 3.72665e-06 0.000335463    0.011109    0.135335    0.606531        1.01    0.606531
2.57676e-18 1.26642e-14 2.28973e-11   1.523e-08 3.72665e-06 0.000335463    0.011109    0.135335    0.606531        1.01
update: -8.898768, 16.886315
cycle 1 : -4.998537
theta(log-transformed): -0.093199, 0.156032
   0.921012     0.63181    0.210753   0.0338131  0.00260928 9.68459e-05 1.72889e-06 1.48449e-08  6.1307e-11 1.21778e-13
    0.63181    0.921012     0.63181    0.210753   0.0338131  0.00260928 9.68459e-05 1.72889e-06 1.48449e-08  6.1307e-11
   0.210753     0.63181    0.921012     0.63181    0.210753   0.0338131  0.00260928 9.68459e-05 1.72889e-06 1.48449e-08
  0.0338131    0.210753     0.63181    0.921012     0.63181    0.210753   0.0338131  0.00260928 9.68459e-05 1.72889e-06
 0.00260928   0.0338131    0.210753     0.63181    0.921012     0.63181    0.210753   0.0338131  0.00260928 9.68459e-05
9.68459e-05  0.00260928   0.0338131    0.210753     0.63181    0.921012     0.63181    0.210753   0.0338131  0.00260928
1.72889e-06 9.68459e-05  0.00260928   0.0338131    0.210753     0.63181    0.921012     0.63181    0.210753   0.0338131
1.48449e-08 1.72889e-06 9.68459e-05  0.00260928   0.0338131    0.210753     0.63181    0.921012     0.63181    0.210753
 6.1307e-11 1.48449e-08 1.72889e-06 9.68459e-05  0.00260928   0.0338131    0.210753     0.63181    0.921012     0.63181
1.21778e-13  6.1307e-11 1.48449e-08 1.72889e-06 9.68459e-05  0.00260928   0.0338131    0.210753     0.63181    0.921012
update: -18.178231, 16.843163
cycle 2 : -2.863768
theta(log-transformed): -0.315766, 0.290649
    0.73923    0.551368    0.238327   0.0588925  0.00831957 0.000671887 3.10203e-05 8.18748e-07 1.23541e-08 1.06567e-10
   0.551368     0.73923    0.551368    0.238327   0.0588925  0.00831957 0.000671887 3.10203e-05 8.18748e-07 1.23541e-08
   0.238327    0.551368     0.73923    0.551368    0.238327   0.0588925  0.00831957 0.000671887 3.10203e-05 8.18748e-07
  0.0588925    0.238327    0.551368     0.73923    0.551368    0.238327   0.0588925  0.00831957 0.000671887 3.10203e-05
 0.00831957   0.0588925    0.238327    0.551368     0.73923    0.551368    0.238327   0.0588925  0.00831957 0.000671887
0.000671887  0.00831957   0.0588925    0.238327    0.551368     0.73923    0.551368    0.238327   0.0588925  0.00831957
3.10203e-05 0.000671887  0.00831957   0.0588925    0.238327    0.551368     0.73923    0.551368    0.238327   0.0588925
8.18748e-07 3.10203e-05 0.000671887  0.00831957   0.0588925    0.238327    0.551368     0.73923    0.551368    0.238327
1.23541e-08 8.18748e-07 3.10203e-05 0.000671887  0.00831957   0.0588925    0.238327    0.551368     0.73923    0.551368
1.06567e-10 1.23541e-08 8.18748e-07 3.10203e-05 0.000671887  0.00831957   0.0588925    0.238327    0.551368     0.73923
update: -64.089808, 13.206629
cycle 3 : 1.031766
theta(log-transformed): -2.426654, 0.384828
  0.0983319   0.0700714   0.0349793   0.0109882  0.00217216  0.00027021 2.11523e-05 1.04198e-06 3.23006e-08 6.30097e-10
  0.0700714   0.0983319   0.0700714   0.0349793   0.0109882  0.00217216  0.00027021 2.11523e-05 1.04198e-06 3.23006e-08
  0.0349793   0.0700714   0.0983319   0.0700714   0.0349793   0.0109882  0.00217216  0.00027021 2.11523e-05 1.04198e-06
  0.0109882   0.0349793   0.0700714   0.0983319   0.0700714   0.0349793   0.0109882  0.00217216  0.00027021 2.11523e-05
 0.00217216   0.0109882   0.0349793   0.0700714   0.0983319   0.0700714   0.0349793   0.0109882  0.00217216  0.00027021
 0.00027021  0.00217216   0.0109882   0.0349793   0.0700714   0.0983319   0.0700714   0.0349793   0.0109882  0.00217216
2.11523e-05  0.00027021  0.00217216   0.0109882   0.0349793   0.0700714   0.0983319   0.0700714   0.0349793   0.0109882
1.04198e-06 2.11523e-05  0.00027021  0.00217216   0.0109882   0.0349793   0.0700714   0.0983319   0.0700714   0.0349793
3.23006e-08 1.04198e-06 2.11523e-05  0.00027021  0.00217216   0.0109882   0.0349793   0.0700714   0.0983319   0.0700714
6.30097e-10 3.23006e-08 1.04198e-06 2.11523e-05  0.00027021  0.00217216   0.0109882   0.0349793   0.0700714   0.0983319
update: -237.328980, -3.079281
cycle 4 : -nan
theta(log-transformed): -nan, 0.363648
    -2.27496     -1.79453    -0.869289     -0.25973   -0.0478655  -0.00544084 -0.000381464 -1.64962e-05 -4.40003e-07 -7.23888e-09
    -1.79453     -2.27496     -1.79453    -0.869289     -0.25973   -0.0478655  -0.00544084 -0.000381464 -1.64962e-05 -4.40003e-07
   -0.869289     -1.79453     -2.27496     -1.79453    -0.869289     -0.25973   -0.0478655  -0.00544084 -0.000381464 -1.64962e-05
    -0.25973    -0.869289     -1.79453     -2.27496     -1.79453    -0.869289     -0.25973   -0.0478655  -0.00544084 -0.000381464
  -0.0478655     -0.25973    -0.869289     -1.79453     -2.27496     -1.79453    -0.869289     -0.25973   -0.0478655  -0.00544084
 -0.00544084   -0.0478655     -0.25973    -0.869289     -1.79453     -2.27496     -1.79453    -0.869289     -0.25973   -0.0478655
-0.000381464  -0.00544084   -0.0478655     -0.25973    -0.869289     -1.79453     -2.27496     -1.79453    -0.869289     -0.25973
-1.64962e-05 -0.000381464  -0.00544084   -0.0478655     -0.25973    -0.869289     -1.79453     -2.27496     -1.79453    -0.869289
-4.40003e-07 -1.64962e-05 -0.000381464  -0.00544084   -0.0478655     -0.25973    -0.869289     -1.79453     -2.27496     -1.79453
-7.23888e-09 -4.40003e-07 -1.64962e-05 -0.000381464  -0.00544084   -0.0478655     -0.25973    -0.869289     -1.79453     -2.27496
update: 2.083129, 24.246512
cycle 5 : -2.969960
theta(log-transformed): -nan, 0.519409
    -2.25413     -1.89696     -1.11566    -0.460594    -0.133481   -0.0271542  -0.00387766 -0.000388702 -2.73514e-05   -1.351e-06
    -1.89696     -2.25413     -1.89696     -1.11566    -0.460594    -0.133481   -0.0271542  -0.00387766 -0.000388702 -2.73514e-05
    -1.11566     -1.89696     -2.25413     -1.89696     -1.11566    -0.460594    -0.133481   -0.0271542  -0.00387766 -0.000388702
   -0.460594     -1.11566     -1.89696     -2.25413     -1.89696     -1.11566    -0.460594    -0.133481   -0.0271542  -0.00387766
   -0.133481    -0.460594     -1.11566     -1.89696     -2.25413     -1.89696     -1.11566    -0.460594    -0.133481   -0.0271542
  -0.0271542    -0.133481    -0.460594     -1.11566     -1.89696     -2.25413     -1.89696     -1.11566    -0.460594    -0.133481
 -0.00387766   -0.0271542    -0.133481    -0.460594     -1.11566     -1.89696     -2.25413     -1.89696     -1.11566    -0.460594
-0.000388702  -0.00387766   -0.0271542    -0.133481    -0.460594     -1.11566     -1.89696     -2.25413     -1.89696     -1.11566
-2.73514e-05 -0.000388702  -0.00387766   -0.0271542    -0.133481    -0.460594     -1.11566     -1.89696     -2.25413     -1.89696
  -1.351e-06 -2.73514e-05 -0.000388702  -0.00387766   -0.0271542    -0.133481    -0.460594     -1.11566     -1.89696     -2.25413
update: 2.179453, 15.376515
cycle 6 : 1.414350
theta(log-transformed): -nan, 0.606935
    -2.23233     -1.93285     -1.23791    -0.589082    -0.208285   -0.0547184   -0.0106808  -0.00154907 -0.000166928 -1.33655e-05
    -1.93285     -2.23233     -1.93285     -1.23791    -0.589082    -0.208285   -0.0547184   -0.0106808  -0.00154907 -0.000166928
    -1.23791     -1.93285     -2.23233     -1.93285     -1.23791    -0.589082    -0.208285   -0.0547184   -0.0106808  -0.00154907
   -0.589082     -1.23791     -1.93285     -2.23233     -1.93285     -1.23791    -0.589082    -0.208285   -0.0547184   -0.0106808
   -0.208285    -0.589082     -1.23791     -1.93285     -2.23233     -1.93285     -1.23791    -0.589082    -0.208285   -0.0547184
  -0.0547184    -0.208285    -0.589082     -1.23791     -1.93285     -2.23233     -1.93285     -1.23791    -0.589082    -0.208285
  -0.0106808   -0.0547184    -0.208285    -0.589082     -1.23791     -1.93285     -2.23233     -1.93285     -1.23791    -0.589082
 -0.00154907   -0.0106808   -0.0547184    -0.208285    -0.589082     -1.23791     -1.93285     -2.23233     -1.93285     -1.23791
-0.000166928  -0.00154907   -0.0106808   -0.0547184    -0.208285    -0.589082     -1.23791     -1.93285     -2.23233     -1.93285
-1.33655e-05 -0.000166928  -0.00154907   -0.0106808   -0.0547184    -0.208285    -0.589082     -1.23791     -1.93285     -2.23233
update: 100.490881, 5341.649401
cycle 7 : -39.983501
theta(log-transformed): -nan, 4.011892
-1.22742 -1.23722 -1.23661  -1.2356 -1.23418 -1.23237 -1.23015 -1.22753 -1.22452 -1.22111
-1.23722 -1.22742 -1.23722 -1.23661  -1.2356 -1.23418 -1.23237 -1.23015 -1.22753 -1.22452
-1.23661 -1.23722 -1.22742 -1.23722 -1.23661  -1.2356 -1.23418 -1.23237 -1.23015 -1.22753
 -1.2356 -1.23661 -1.23722 -1.22742 -1.23722 -1.23661  -1.2356 -1.23418 -1.23237 -1.23015
-1.23418  -1.2356 -1.23661 -1.23722 -1.22742 -1.23722 -1.23661  -1.2356 -1.23418 -1.23237
-1.23237 -1.23418  -1.2356 -1.23661 -1.23722 -1.22742 -1.23722 -1.23661  -1.2356 -1.23418
-1.23015 -1.23237 -1.23418  -1.2356 -1.23661 -1.23722 -1.22742 -1.23722 -1.23661  -1.2356
-1.22753 -1.23015 -1.23237 -1.23418  -1.2356 -1.23661 -1.23722 -1.22742 -1.23722 -1.23661
-1.22452 -1.22753 -1.23015 -1.23237 -1.23418  -1.2356 -1.23661 -1.23722 -1.22742 -1.23722
-1.22111 -1.22452 -1.22753 -1.23015 -1.23237 -1.23418  -1.2356 -1.23661 -1.23722 -1.22742
update: 15279.144610, 0.063806
cycle 8 : -41.475319
theta(log-transformed): 5.020942, 4.011903
151.564 151.529 151.455 151.331 151.157 150.935 150.663 150.343 149.974 149.557
151.529 151.564 151.529 151.455 151.331 151.157 150.935 150.663 150.343 149.974
151.455 151.529 151.564 151.529 151.455 151.331 151.157 150.935 150.663 150.343
151.331 151.455 151.529 151.564 151.529 151.455 151.331 151.157 150.935 150.663
151.157 151.331 151.455 151.529 151.564 151.529 151.455 151.331 151.157 150.935
150.935 151.157 151.331 151.455 151.529 151.564 151.529 151.455 151.331 151.157
150.663 150.935 151.157 151.331 151.455 151.529 151.564 151.529 151.455 151.331
150.343 150.663 150.935 151.157 151.331 151.455 151.529 151.564 151.529 151.455
149.974 150.343 150.663 150.935 151.157 151.331 151.455 151.529 151.564 151.529
149.557 149.974 150.343 150.663 150.935 151.157 151.331 151.455 151.529 151.564
update: 0.005109, -0.317242
cycle 9 : -41.474816
theta(log-transformed): 5.020942, 4.011846
151.564 151.529 151.455 151.331 151.157 150.935 150.663 150.343 149.974 149.557
151.529 151.564 151.529 151.455 151.331 151.157 150.935 150.663 150.343 149.974
151.455 151.529 151.564 151.529 151.455 151.331 151.157 150.935 150.663 150.343
151.331 151.455 151.529 151.564 151.529 151.455 151.331 151.157 150.935 150.663
151.157 151.331 151.455 151.529 151.564 151.529 151.455 151.331 151.157 150.935
150.935 151.157 151.331 151.455 151.529 151.564 151.529 151.455 151.331 151.157
150.663 150.935 151.157 151.331 151.455 151.529 151.564 151.529 151.455 151.331
150.343 150.663 150.935 151.157 151.331 151.455 151.529 151.564 151.529 151.455
149.974 150.343 150.663 150.935 151.157 151.331 151.455 151.529 151.564 151.529
149.557 149.974 150.343 150.663 150.935 151.157 151.331 151.455 151.529 151.564
update: 0.005110, -0.317292
cycle 10 : -41.474312
theta(log-transformed): 5.020943, 4.011788
151.564 151.529 151.455 151.331 151.157 150.935 150.663 150.342 149.973 149.556
151.529 151.564 151.529 151.455 151.331 151.157 150.935 150.663 150.342 149.973
151.455 151.529 151.564 151.529 151.455 151.331 151.157 150.935 150.663 150.342
151.331 151.455 151.529 151.564 151.529 151.455 151.331 151.157 150.935 150.663
151.157 151.331 151.455 151.529 151.564 151.529 151.455 151.331 151.157 150.935
150.935 151.157 151.331 151.455 151.529 151.564 151.529 151.455 151.331 151.157
150.663 150.935 151.157 151.331 151.455 151.529 151.564 151.529 151.455 151.331
150.342 150.663 150.935 151.157 151.331 151.455 151.529 151.564 151.529 151.455
149.973 150.342 150.663 150.935 151.157 151.331 151.455 151.529 151.564 151.529
149.556 149.973 150.342 150.663 150.935 151.157 151.331 151.455 151.529 151.564
update: 0.005112, -0.317341
cycle 11 : -41.473808
theta(log-transformed): 5.020943, 4.011731
151.564 151.529 151.455 151.331 151.157 150.935 150.663 150.342 149.973 149.556
151.529 151.564 151.529 151.455 151.331 151.157 150.935 150.663 150.342 149.973
151.455 151.529 151.564 151.529 151.455 151.331 151.157 150.935 150.663 150.342
151.331 151.455 151.529 151.564 151.529 151.455 151.331 151.157 150.935 150.663
151.157 151.331 151.455 151.529 151.564 151.529 151.455 151.331 151.157 150.935
150.935 151.157 151.331 151.455 151.529 151.564 151.529 151.455 151.331 151.157
150.663 150.935 151.157 151.331 151.455 151.529 151.564 151.529 151.455 151.331
150.342 150.663 150.935 151.157 151.331 151.455 151.529 151.564 151.529 151.455
149.973 150.342 150.663 150.935 151.157 151.331 151.455 151.529 151.564 151.529
149.556 149.973 150.342 150.663 150.935 151.157 151.331 151.455 151.529 151.564
update: 0.005113, -0.317391
cycle 12 : -41.473303
theta(log-transformed): 5.020943, 4.011674
151.564 151.529 151.455 151.331 151.157 150.935 150.663 150.342 149.973 149.556
151.529 151.564 151.529 151.455 151.331 151.157 150.935 150.663 150.342 149.973
151.455 151.529 151.564 151.529 151.455 151.331 151.157 150.935 150.663 150.342
151.331 151.455 151.529 151.564 151.529 151.455 151.331 151.157 150.935 150.663
151.157 151.331 151.455 151.529 151.564 151.529 151.455 151.331 151.157 150.935
150.935 151.157 151.331 151.455 151.529 151.564 151.529 151.455 151.331 151.157
150.663 150.935 151.157 151.331 151.455 151.529 151.564 151.529 151.455 151.331
150.342 150.663 150.935 151.157 151.331 151.455 151.529 151.564 151.529 151.455
149.973 150.342 150.663 150.935 151.157 151.331 151.455 151.529 151.564 151.529
149.556 149.973 150.342 150.663 150.935 151.157 151.331 151.455 151.529 151.564
update: 0.005115, -0.317440
cycle 13 : -41.472799
theta(log-transformed): 5.020944, 4.011616
151.564 151.529 151.455 151.331 151.157 150.935 150.663 150.342 149.973 149.556
151.529 151.564 151.529 151.455 151.331 151.157 150.935 150.663 150.342 149.973
151.455 151.529 151.564 151.529 151.455 151.331 151.157 150.935 150.663 150.342
151.331 151.455 151.529 151.564 151.529 151.455 151.331 151.157 150.935 150.663
151.157 151.331 151.455 151.529 151.564 151.529 151.455 151.331 151.157 150.935
150.935 151.157 151.331 151.455 151.529 151.564 151.529 151.455 151.331 151.157
150.663 150.935 151.157 151.331 151.455 151.529 151.564 151.529 151.455 151.331
150.342 150.663 150.935 151.157 151.331 151.455 151.529 151.564 151.529 151.455
149.973 150.342 150.663 150.935 151.157 151.331 151.455 151.529 151.564 151.529
149.556 149.973 150.342 150.663 150.935 151.157 151.331 151.455 151.529 151.564
update: 0.005116, -0.317490
cycle 14 : -41.472295
theta(log-transformed): 5.020944, 4.011559
151.564 151.529 151.455 151.331 151.157 150.935 150.663 150.342 149.973 149.556
151.529 151.564 151.529 151.455 151.331 151.157 150.935 150.663 150.342 149.973
151.455 151.529 151.564 151.529 151.455 151.331 151.157 150.935 150.663 150.342
151.331 151.455 151.529 151.564 151.529 151.455 151.331 151.157 150.935 150.663
151.157 151.331 151.455 151.529 151.564 151.529 151.455 151.331 151.157 150.935
150.935 151.157 151.331 151.455 151.529 151.564 151.529 151.455 151.331 151.157
150.663 150.935 151.157 151.331 151.455 151.529 151.564 151.529 151.455 151.331
150.342 150.663 150.935 151.157 151.331 151.455 151.529 151.564 151.529 151.455
149.973 150.342 150.663 150.935 151.157 151.331 151.455 151.529 151.564 151.529
149.556 149.973 150.342 150.663 150.935 151.157 151.331 151.455 151.529 151.564
update: 0.005118, -0.317539
cycle 15 : -41.471790
theta(log-transformed): 5.020945, 4.011501
151.564  151.53 151.455 151.331 151.157 150.935 150.663 150.342 149.973 149.555
 151.53 151.564  151.53 151.455 151.331 151.157 150.935 150.663 150.342 149.973
151.455  151.53 151.564  151.53 151.455 151.331 151.157 150.935 150.663 150.342
151.331 151.455  151.53 151.564  151.53 151.455 151.331 151.157 150.935 150.663
151.157 151.331 151.455  151.53 151.564  151.53 151.455 151.331 151.157 150.935
150.935 151.157 151.331 151.455  151.53 151.564  151.53 151.455 151.331 151.157
150.663 150.935 151.157 151.331 151.455  151.53 151.564  151.53 151.455 151.331
150.342 150.663 150.935 151.157 151.331 151.455  151.53 151.564  151.53 151.455
149.973 150.342 150.663 150.935 151.157 151.331 151.455  151.53 151.564  151.53
149.555 149.973 150.342 150.663 150.935 151.157 151.331 151.455  151.53 151.564
update: 0.005119, -0.317589
cycle 16 : -41.471285
theta(log-transformed): 5.020945, 4.011444
151.564  151.53 151.455 151.331 151.157 150.935 150.663 150.342 149.973 149.555
 151.53 151.564  151.53 151.455 151.331 151.157 150.935 150.663 150.342 149.973
151.455  151.53 151.564  151.53 151.455 151.331 151.157 150.935 150.663 150.342
151.331 151.455  151.53 151.564  151.53 151.455 151.331 151.157 150.935 150.663
151.157 151.331 151.455  151.53 151.564  151.53 151.455 151.331 151.157 150.935
150.935 151.157 151.331 151.455  151.53 151.564  151.53 151.455 151.331 151.157
150.663 150.935 151.157 151.331 151.455  151.53 151.564  151.53 151.455 151.331
150.342 150.663 150.935 151.157 151.331 151.455  151.53 151.564  151.53 151.455
149.973 150.342 150.663 150.935 151.157 151.331 151.455  151.53 151.564  151.53
149.555 149.973 150.342 150.663 150.935 151.157 151.331 151.455  151.53 151.564
update: 0.005121, -0.317638
cycle 17 : -41.470780
theta(log-transformed): 5.020945, 4.011386
151.564  151.53 151.455 151.331 151.157 150.935 150.663 150.342 149.973 149.555
 151.53 151.564  151.53 151.455 151.331 151.157 150.935 150.663 150.342 149.973
151.455  151.53 151.564  151.53 151.455 151.331 151.157 150.935 150.663 150.342
151.331 151.455  151.53 151.564  151.53 151.455 151.331 151.157 150.935 150.663
151.157 151.331 151.455  151.53 151.564  151.53 151.455 151.331 151.157 150.935
150.935 151.157 151.331 151.455  151.53 151.564  151.53 151.455 151.331 151.157
150.663 150.935 151.157 151.331 151.455  151.53 151.564  151.53 151.455 151.331
150.342 150.663 150.935 151.157 151.331 151.455  151.53 151.564  151.53 151.455
149.973 150.342 150.663 150.935 151.157 151.331 151.455  151.53 151.564  151.53
149.555 149.973 150.342 150.663 150.935 151.157 151.331 151.455  151.53 151.564
update: 0.005122, -0.317688
cycle 18 : -41.470275
theta(log-transformed): 5.020946, 4.011329
151.565  151.53 151.455 151.331 151.157 150.935 150.663 150.342 149.972 149.555
 151.53 151.565  151.53 151.455 151.331 151.157 150.935 150.663 150.342 149.972
151.455  151.53 151.565  151.53 151.455 151.331 151.157 150.935 150.663 150.342
151.331 151.455  151.53 151.565  151.53 151.455 151.331 151.157 150.935 150.663
151.157 151.331 151.455  151.53 151.565  151.53 151.455 151.331 151.157 150.935
150.935 151.157 151.331 151.455  151.53 151.565  151.53 151.455 151.331 151.157
150.663 150.935 151.157 151.331 151.455  151.53 151.565  151.53 151.455 151.331
150.342 150.663 150.935 151.157 151.331 151.455  151.53 151.565  151.53 151.455
149.972 150.342 150.663 150.935 151.157 151.331 151.455  151.53 151.565  151.53
149.555 149.972 150.342 150.663 150.935 151.157 151.331 151.455  151.53 151.565
update: 0.005124, -0.317737
cycle 19 : -41.469770
theta(log-transformed): 5.020946, 4.011271
151.565  151.53 151.455 151.331 151.157 150.935 150.662 150.342 149.972 149.555
 151.53 151.565  151.53 151.455 151.331 151.157 150.935 150.662 150.342 149.972
151.455  151.53 151.565  151.53 151.455 151.331 151.157 150.935 150.662 150.342
151.331 151.455  151.53 151.565  151.53 151.455 151.331 151.157 150.935 150.662
151.157 151.331 151.455  151.53 151.565  151.53 151.455 151.331 151.157 150.935
150.935 151.157 151.331 151.455  151.53 151.565  151.53 151.455 151.331 151.157
150.662 150.935 151.157 151.331 151.455  151.53 151.565  151.53 151.455 151.331
150.342 150.662 150.935 151.157 151.331 151.455  151.53 151.565  151.53 151.455
149.972 150.342 150.662 150.935 151.157 151.331 151.455  151.53 151.565  151.53
149.555 149.972 150.342 150.662 150.935 151.157 151.331 151.455  151.53 151.565
update: 0.005125, -0.317787
cycle 20 : -41.469264
theta(log-transformed): 5.020946, 4.011213
151.565  151.53 151.455 151.331 151.157 150.934 150.662 150.342 149.972 149.555
 151.53 151.565  151.53 151.455 151.331 151.157 150.934 150.662 150.342 149.972
151.455  151.53 151.565  151.53 151.455 151.331 151.157 150.934 150.662 150.342
151.331 151.455  151.53 151.565  151.53 151.455 151.331 151.157 150.934 150.662
151.157 151.331 151.455  151.53 151.565  151.53 151.455 151.331 151.157 150.934
150.934 151.157 151.331 151.455  151.53 151.565  151.53 151.455 151.331 151.157
150.662 150.934 151.157 151.331 151.455  151.53 151.565  151.53 151.455 151.331
150.342 150.662 150.934 151.157 151.331 151.455  151.53 151.565  151.53 151.455
149.972 150.342 150.662 150.934 151.157 151.331 151.455  151.53 151.565  151.53
149.555 149.972 150.342 150.662 150.934 151.157 151.331 151.455  151.53 151.565
update: 0.005127, -0.317836
cycle 21 : -41.468758
theta(log-transformed): 5.020947, 4.011156
151.565  151.53 151.455 151.331 151.157 150.934 150.662 150.341 149.972 149.554
 151.53 151.565  151.53 151.455 151.331 151.157 150.934 150.662 150.341 149.972
151.455  151.53 151.565  151.53 151.455 151.331 151.157 150.934 150.662 150.341
151.331 151.455  151.53 151.565  151.53 151.455 151.331 151.157 150.934 150.662
151.157 151.331 151.455  151.53 151.565  151.53 151.455 151.331 151.157 150.934
150.934 151.157 151.331 151.455  151.53 151.565  151.53 151.455 151.331 151.157
150.662 150.934 151.157 151.331 151.455  151.53 151.565  151.53 151.455 151.331
150.341 150.662 150.934 151.157 151.331 151.455  151.53 151.565  151.53 151.455
149.972 150.341 150.662 150.934 151.157 151.331 151.455  151.53 151.565  151.53
149.554 149.972 150.341 150.662 150.934 151.157 151.331 151.455  151.53 151.565
update: 0.005128, -0.317886
cycle 22 : -41.468253
theta(log-transformed): 5.020947, 4.011098
151.565  151.53 151.455 151.331 151.157 150.934 150.662 150.341 149.972 149.554
 151.53 151.565  151.53 151.455 151.331 151.157 150.934 150.662 150.341 149.972
151.455  151.53 151.565  151.53 151.455 151.331 151.157 150.934 150.662 150.341
151.331 151.455  151.53 151.565  151.53 151.455 151.331 151.157 150.934 150.662
151.157 151.331 151.455  151.53 151.565  151.53 151.455 151.331 151.157 150.934
150.934 151.157 151.331 151.455  151.53 151.565  151.53 151.455 151.331 151.157
150.662 150.934 151.157 151.331 151.455  151.53 151.565  151.53 151.455 151.331
150.341 150.662 150.934 151.157 151.331 151.455  151.53 151.565  151.53 151.455
149.972 150.341 150.662 150.934 151.157 151.331 151.455  151.53 151.565  151.53
149.554 149.972 150.341 150.662 150.934 151.157 151.331 151.455  151.53 151.565
update: 0.005130, -0.317936
cycle 23 : -41.467747
theta(log-transformed): 5.020947, 4.011041
151.565  151.53 151.455 151.331 151.157 150.934 150.662 150.341 149.972 149.554
 151.53 151.565  151.53 151.455 151.331 151.157 150.934 150.662 150.341 149.972
151.455  151.53 151.565  151.53 151.455 151.331 151.157 150.934 150.662 150.341
151.331 151.455  151.53 151.565  151.53 151.455 151.331 151.157 150.934 150.662
151.157 151.331 151.455  151.53 151.565  151.53 151.455 151.331 151.157 150.934
150.934 151.157 151.331 151.455  151.53 151.565  151.53 151.455 151.331 151.157
150.662 150.934 151.157 151.331 151.455  151.53 151.565  151.53 151.455 151.331
150.341 150.662 150.934 151.157 151.331 151.455  151.53 151.565  151.53 151.455
149.972 150.341 150.662 150.934 151.157 151.331 151.455  151.53 151.565  151.53
149.554 149.972 150.341 150.662 150.934 151.157 151.331 151.455  151.53 151.565
update: 0.005131, -0.317985
cycle 24 : -41.467241
theta(log-transformed): 5.020948, 4.010983
151.565  151.53 151.455 151.331 151.157 150.934 150.662 150.341 149.972 149.554
 151.53 151.565  151.53 151.455 151.331 151.157 150.934 150.662 150.341 149.972
151.455  151.53 151.565  151.53 151.455 151.331 151.157 150.934 150.662 150.341
151.331 151.455  151.53 151.565  151.53 151.455 151.331 151.157 150.934 150.662
151.157 151.331 151.455  151.53 151.565  151.53 151.455 151.331 151.157 150.934
150.934 151.157 151.331 151.455  151.53 151.565  151.53 151.455 151.331 151.157
150.662 150.934 151.157 151.331 151.455  151.53 151.565  151.53 151.455 151.331
150.341 150.662 150.934 151.157 151.331 151.455  151.53 151.565  151.53 151.455
149.972 150.341 150.662 150.934 151.157 151.331 151.455  151.53 151.565  151.53
149.554 149.972 150.341 150.662 150.934 151.157 151.331 151.455  151.53 151.565
update: 0.005133, -0.318035
cycle 25 : -41.466734
theta(log-transformed): 5.020948, 4.010925
151.565  151.53 151.455 151.331 151.157 150.934 150.662 150.341 149.971 149.554
 151.53 151.565  151.53 151.455 151.331 151.157 150.934 150.662 150.341 149.971
151.455  151.53 151.565  151.53 151.455 151.331 151.157 150.934 150.662 150.341
151.331 151.455  151.53 151.565  151.53 151.455 151.331 151.157 150.934 150.662
151.157 151.331 151.455  151.53 151.565  151.53 151.455 151.331 151.157 150.934
150.934 151.157 151.331 151.455  151.53 151.565  151.53 151.455 151.331 151.157
150.662 150.934 151.157 151.331 151.455  151.53 151.565  151.53 151.455 151.331
150.341 150.662 150.934 151.157 151.331 151.455  151.53 151.565  151.53 151.455
149.971 150.341 150.662 150.934 151.157 151.331 151.455  151.53 151.565  151.53
149.554 149.971 150.341 150.662 150.934 151.157 151.331 151.455  151.53 151.565
update: 0.005134, -0.318084
cycle 26 : -41.466228
theta(log-transformed): 5.020948, 4.010868
151.565  151.53 151.455 151.331 151.157 150.934 150.662 150.341 149.971 149.553
 151.53 151.565  151.53 151.455 151.331 151.157 150.934 150.662 150.341 149.971
151.455  151.53 151.565  151.53 151.455 151.331 151.157 150.934 150.662 150.341
151.331 151.455  151.53 151.565  151.53 151.455 151.331 151.157 150.934 150.662
151.157 151.331 151.455  151.53 151.565  151.53 151.455 151.331 151.157 150.934
150.934 151.157 151.331 151.455  151.53 151.565  151.53 151.455 151.331 151.157
150.662 150.934 151.157 151.331 151.455  151.53 151.565  151.53 151.455 151.331
150.341 150.662 150.934 151.157 151.331 151.455  151.53 151.565  151.53 151.455
149.971 150.341 150.662 150.934 151.157 151.331 151.455  151.53 151.565  151.53
149.553 149.971 150.341 150.662 150.934 151.157 151.331 151.455  151.53 151.565
update: 0.005136, -0.318134
cycle 27 : -41.465721
theta(log-transformed): 5.020949, 4.010810
151.565  151.53 151.456 151.331 151.157 150.934 150.662 150.341 149.971 149.553
 151.53 151.565  151.53 151.456 151.331 151.157 150.934 150.662 150.341 149.971
151.456  151.53 151.565  151.53 151.456 151.331 151.157 150.934 150.662 150.341
151.331 151.456  151.53 151.565  151.53 151.456 151.331 151.157 150.934 150.662
151.157 151.331 151.456  151.53 151.565  151.53 151.456 151.331 151.157 150.934
150.934 151.157 151.331 151.456  151.53 151.565  151.53 151.456 151.331 151.157
150.662 150.934 151.157 151.331 151.456  151.53 151.565  151.53 151.456 151.331
150.341 150.662 150.934 151.157 151.331 151.456  151.53 151.565  151.53 151.456
149.971 150.341 150.662 150.934 151.157 151.331 151.456  151.53 151.565  151.53
149.553 149.971 150.341 150.662 150.934 151.157 151.331 151.456  151.53 151.565
update: 0.005137, -0.318184
cycle 28 : -41.465215
theta(log-transformed): 5.020949, 4.010753
151.565  151.53 151.456 151.331 151.157 150.934 150.662 150.341 149.971 149.553
 151.53 151.565  151.53 151.456 151.331 151.157 150.934 150.662 150.341 149.971
151.456  151.53 151.565  151.53 151.456 151.331 151.157 150.934 150.662 150.341
151.331 151.456  151.53 151.565  151.53 151.456 151.331 151.157 150.934 150.662
151.157 151.331 151.456  151.53 151.565  151.53 151.456 151.331 151.157 150.934
150.934 151.157 151.331 151.456  151.53 151.565  151.53 151.456 151.331 151.157
150.662 150.934 151.157 151.331 151.456  151.53 151.565  151.53 151.456 151.331
150.341 150.662 150.934 151.157 151.331 151.456  151.53 151.565  151.53 151.456
149.971 150.341 150.662 150.934 151.157 151.331 151.456  151.53 151.565  151.53
149.553 149.971 150.341 150.662 150.934 151.157 151.331 151.456  151.53 151.565
update: 0.005139, -0.318233
cycle 29 : -41.464708
theta(log-transformed): 5.020949, 4.010695
151.565  151.53 151.456 151.331 151.158 150.934 150.662 150.341 149.971 149.553
 151.53 151.565  151.53 151.456 151.331 151.158 150.934 150.662 150.341 149.971
151.456  151.53 151.565  151.53 151.456 151.331 151.158 150.934 150.662 150.341
151.331 151.456  151.53 151.565  151.53 151.456 151.331 151.158 150.934 150.662
151.158 151.331 151.456  151.53 151.565  151.53 151.456 151.331 151.158 150.934
150.934 151.158 151.331 151.456  151.53 151.565  151.53 151.456 151.331 151.158
150.662 150.934 151.158 151.331 151.456  151.53 151.565  151.53 151.456 151.331
150.341 150.662 150.934 151.158 151.331 151.456  151.53 151.565  151.53 151.456
149.971 150.341 150.662 150.934 151.158 151.331 151.456  151.53 151.565  151.53
149.553 149.971 150.341 150.662 150.934 151.158 151.331 151.456  151.53 151.565
update: 0.005140, -0.318283
cycle 30 : -41.464201
theta(log-transformed): 5.020950, 4.010637
151.565  151.53 151.456 151.331 151.158 150.934 150.662 150.341 149.971 149.553
 151.53 151.565  151.53 151.456 151.331 151.158 150.934 150.662 150.341 149.971
151.456  151.53 151.565  151.53 151.456 151.331 151.158 150.934 150.662 150.341
151.331 151.456  151.53 151.565  151.53 151.456 151.331 151.158 150.934 150.662
151.158 151.331 151.456  151.53 151.565  151.53 151.456 151.331 151.158 150.934
150.934 151.158 151.331 151.456  151.53 151.565  151.53 151.456 151.331 151.158
150.662 150.934 151.158 151.331 151.456  151.53 151.565  151.53 151.456 151.331
150.341 150.662 150.934 151.158 151.331 151.456  151.53 151.565  151.53 151.456
149.971 150.341 150.662 150.934 151.158 151.331 151.456  151.53 151.565  151.53
149.553 149.971 150.341 150.662 150.934 151.158 151.331 151.456  151.53 151.565
update: 0.005142, -0.318333
cycle 31 : -41.463693
theta(log-transformed): 5.020950, 4.010580
151.565  151.53 151.456 151.331 151.158 150.934 150.662 150.341 149.971 149.553
 151.53 151.565  151.53 151.456 151.331 151.158 150.934 150.662 150.341 149.971
151.456  151.53 151.565  151.53 151.456 151.331 151.158 150.934 150.662 150.341
151.331 151.456  151.53 151.565  151.53 151.456 151.331 151.158 150.934 150.662
151.158 151.331 151.456  151.53 151.565  151.53 151.456 151.331 151.158 150.934
150.934 151.158 151.331 151.456  151.53 151.565  151.53 151.456 151.331 151.158
150.662 150.934 151.158 151.331 151.456  151.53 151.565  151.53 151.456 151.331
150.341 150.662 150.934 151.158 151.331 151.456  151.53 151.565  151.53 151.456
149.971 150.341 150.662 150.934 151.158 151.331 151.456  151.53 151.565  151.53
149.553 149.971 150.341 150.662 150.934 151.158 151.331 151.456  151.53 151.565
update: 0.005143, -0.318382
cycle 32 : -41.463186
theta(log-transformed): 5.020950, 4.010522
151.565  151.53 151.456 151.331 151.158 150.934 150.662  150.34 149.971 149.552
 151.53 151.565  151.53 151.456 151.331 151.158 150.934 150.662  150.34 149.971
151.456  151.53 151.565  151.53 151.456 151.331 151.158 150.934 150.662  150.34
151.331 151.456  151.53 151.565  151.53 151.456 151.331 151.158 150.934 150.662
151.158 151.331 151.456  151.53 151.565  151.53 151.456 151.331 151.158 150.934
150.934 151.158 151.331 151.456  151.53 151.565  151.53 151.456 151.331 151.158
150.662 150.934 151.158 151.331 151.456  151.53 151.565  151.53 151.456 151.331
 150.34 150.662 150.934 151.158 151.331 151.456  151.53 151.565  151.53 151.456
149.971  150.34 150.662 150.934 151.158 151.331 151.456  151.53 151.565  151.53
149.552 149.971  150.34 150.662 150.934 151.158 151.331 151.456  151.53 151.565
update: 0.005145, -0.318432
cycle 33 : -41.462679
theta(log-transformed): 5.020951, 4.010464
151.565  151.53 151.456 151.331 151.158 150.934 150.662  150.34  149.97 149.552
 151.53 151.565  151.53 151.456 151.331 151.158 150.934 150.662  150.34  149.97
151.456  151.53 151.565  151.53 151.456 151.331 151.158 150.934 150.662  150.34
151.331 151.456  151.53 151.565  151.53 151.456 151.331 151.158 150.934 150.662
151.158 151.331 151.456  151.53 151.565  151.53 151.456 151.331 151.158 150.934
150.934 151.158 151.331 151.456  151.53 151.565  151.53 151.456 151.331 151.158
150.662 150.934 151.158 151.331 151.456  151.53 151.565  151.53 151.456 151.331
 150.34 150.662 150.934 151.158 151.331 151.456  151.53 151.565  151.53 151.456
 149.97  150.34 150.662 150.934 151.158 151.331 151.456  151.53 151.565  151.53
149.552  149.97  150.34 150.662 150.934 151.158 151.331 151.456  151.53 151.565
update: 0.005146, -0.318482
cycle 34 : -41.462171
theta(log-transformed): 5.020951, 4.010406
151.565  151.53 151.456 151.331 151.158 150.934 150.662  150.34  149.97 149.552
 151.53 151.565  151.53 151.456 151.331 151.158 150.934 150.662  150.34  149.97
151.456  151.53 151.565  151.53 151.456 151.331 151.158 150.934 150.662  150.34
151.331 151.456  151.53 151.565  151.53 151.456 151.331 151.158 150.934 150.662
151.158 151.331 151.456  151.53 151.565  151.53 151.456 151.331 151.158 150.934
150.934 151.158 151.331 151.456  151.53 151.565  151.53 151.456 151.331 151.158
150.662 150.934 151.158 151.331 151.456  151.53 151.565  151.53 151.456 151.331
 150.34 150.662 150.934 151.158 151.331 151.456  151.53 151.565  151.53 151.456
 149.97  150.34 150.662 150.934 151.158 151.331 151.456  151.53 151.565  151.53
149.552  149.97  150.34 150.662 150.934 151.158 151.331 151.456  151.53 151.565
update: 0.005148, -0.318531
cycle 35 : -41.461663
theta(log-transformed): 5.020951, 4.010349
151.565 151.531 151.456 151.331 151.158 150.934 150.662  150.34  149.97 149.552
151.531 151.565 151.531 151.456 151.331 151.158 150.934 150.662  150.34  149.97
151.456 151.531 151.565 151.531 151.456 151.331 151.158 150.934 150.662  150.34
151.331 151.456 151.531 151.565 151.531 151.456 151.331 151.158 150.934 150.662
151.158 151.331 151.456 151.531 151.565 151.531 151.456 151.331 151.158 150.934
150.934 151.158 151.331 151.456 151.531 151.565 151.531 151.456 151.331 151.158
150.662 150.934 151.158 151.331 151.456 151.531 151.565 151.531 151.456 151.331
 150.34 150.662 150.934 151.158 151.331 151.456 151.531 151.565 151.531 151.456
 149.97  150.34 150.662 150.934 151.158 151.331 151.456 151.531 151.565 151.531
149.552  149.97  150.34 150.662 150.934 151.158 151.331 151.456 151.531 151.565
update: 0.005149, -0.318581
cycle 36 : -41.461155
theta(log-transformed): 5.020952, 4.010291
151.565 151.531 151.456 151.331 151.158 150.934 150.662  150.34  149.97 149.552
151.531 151.565 151.531 151.456 151.331 151.158 150.934 150.662  150.34  149.97
151.456 151.531 151.565 151.531 151.456 151.331 151.158 150.934 150.662  150.34
151.331 151.456 151.531 151.565 151.531 151.456 151.331 151.158 150.934 150.662
151.158 151.331 151.456 151.531 151.565 151.531 151.456 151.331 151.158 150.934
150.934 151.158 151.331 151.456 151.531 151.565 151.531 151.456 151.331 151.158
150.662 150.934 151.158 151.331 151.456 151.531 151.565 151.531 151.456 151.331
 150.34 150.662 150.934 151.158 151.331 151.456 151.531 151.565 151.531 151.456
 149.97  150.34 150.662 150.934 151.158 151.331 151.456 151.531 151.565 151.531
149.552  149.97  150.34 150.662 150.934 151.158 151.331 151.456 151.531 151.565
update: 0.005151, -0.318631
cycle 37 : -41.460647
theta(log-transformed): 5.020952, 4.010233
151.566 151.531 151.456 151.332 151.158 150.934 150.662  150.34  149.97 149.552
151.531 151.566 151.531 151.456 151.332 151.158 150.934 150.662  150.34  149.97
151.456 151.531 151.566 151.531 151.456 151.332 151.158 150.934 150.662  150.34
151.332 151.456 151.531 151.566 151.531 151.456 151.332 151.158 150.934 150.662
151.158 151.332 151.456 151.531 151.566 151.531 151.456 151.332 151.158 150.934
150.934 151.158 151.332 151.456 151.531 151.566 151.531 151.456 151.332 151.158
150.662 150.934 151.158 151.332 151.456 151.531 151.566 151.531 151.456 151.332
 150.34 150.662 150.934 151.158 151.332 151.456 151.531 151.566 151.531 151.456
 149.97  150.34 150.662 150.934 151.158 151.332 151.456 151.531 151.566 151.531
149.552  149.97  150.34 150.662 150.934 151.158 151.332 151.456 151.531 151.566
update: 0.005152, -0.318680
cycle 38 : -41.460139
theta(log-transformed): 5.020952, 4.010175
151.566 151.531 151.456 151.332 151.158 150.934 150.662  150.34  149.97 149.551
151.531 151.566 151.531 151.456 151.332 151.158 150.934 150.662  150.34  149.97
151.456 151.531 151.566 151.531 151.456 151.332 151.158 150.934 150.662  150.34
151.332 151.456 151.531 151.566 151.531 151.456 151.332 151.158 150.934 150.662
151.158 151.332 151.456 151.531 151.566 151.531 151.456 151.332 151.158 150.934
150.934 151.158 151.332 151.456 151.531 151.566 151.531 151.456 151.332 151.158
150.662 150.934 151.158 151.332 151.456 151.531 151.566 151.531 151.456 151.332
 150.34 150.662 150.934 151.158 151.332 151.456 151.531 151.566 151.531 151.456
 149.97  150.34 150.662 150.934 151.158 151.332 151.456 151.531 151.566 151.531
149.551  149.97  150.34 150.662 150.934 151.158 151.332 151.456 151.531 151.566
update: 0.005154, -0.318730
cycle 39 : -41.459630
theta(log-transformed): 5.020953, 4.010118
151.566 151.531 151.456 151.332 151.158 150.934 150.661  150.34  149.97 149.551
151.531 151.566 151.531 151.456 151.332 151.158 150.934 150.661  150.34  149.97
151.456 151.531 151.566 151.531 151.456 151.332 151.158 150.934 150.661  150.34
151.332 151.456 151.531 151.566 151.531 151.456 151.332 151.158 150.934 150.661
151.158 151.332 151.456 151.531 151.566 151.531 151.456 151.332 151.158 150.934
150.934 151.158 151.332 151.456 151.531 151.566 151.531 151.456 151.332 151.158
150.661 150.934 151.158 151.332 151.456 151.531 151.566 151.531 151.456 151.332
 150.34 150.661 150.934 151.158 151.332 151.456 151.531 151.566 151.531 151.456
 149.97  150.34 150.661 150.934 151.158 151.332 151.456 151.531 151.566 151.531
149.551  149.97  150.34 150.661 150.934 151.158 151.332 151.456 151.531 151.566
update: 0.005155, -0.318780
cycle 40 : -41.459121
theta(log-transformed): 5.020953, 4.010060
151.566 151.531 151.456 151.332 151.158 150.934 150.661  150.34  149.97 149.551
151.531 151.566 151.531 151.456 151.332 151.158 150.934 150.661  150.34  149.97
151.456 151.531 151.566 151.531 151.456 151.332 151.158 150.934 150.661  150.34
151.332 151.456 151.531 151.566 151.531 151.456 151.332 151.158 150.934 150.661
151.158 151.332 151.456 151.531 151.566 151.531 151.456 151.332 151.158 150.934
150.934 151.158 151.332 151.456 151.531 151.566 151.531 151.456 151.332 151.158
150.661 150.934 151.158 151.332 151.456 151.531 151.566 151.531 151.456 151.332
 150.34 150.661 150.934 151.158 151.332 151.456 151.531 151.566 151.531 151.456
 149.97  150.34 150.661 150.934 151.158 151.332 151.456 151.531 151.566 151.531
149.551  149.97  150.34 150.661 150.934 151.158 151.332 151.456 151.531 151.566
update: 0.005157, -0.318830
cycle 41 : -41.458613
theta(log-transformed): 5.020953, 4.010002
151.566 151.531 151.456 151.332 151.158 150.934 150.661  150.34 149.969 149.551
